1
765 1930
765 1980
1115 1980
1115 1930
0.8

54
 1050 1830 0.05
 1000 1840 0.05
 950 1850 0.05
 900 1860 0.05
 850 1870 0.05
 800 1880 0.05
 750 1890 0.05
 700 1900 0.05
1100 1820 0.05
1100 1720 0.05
1100 1620 0.05
1100 1520 0.05
1100 1420 0.05
1100 1320 0.05 
1100 1220 0.05
1100 1120 0.05 
1100 1020 0.05 
1100 920 0.05
1100 820 0.05 
1100 720 0.05
1100 620 0.05
1100 520 0.05 
1100 420 0.05 
1100 320 0.05
1100 220 0.05
 900 620 0.05
 1300 620 0.05
 700 620 0.05 
 1500 620 0.05
 500 620 0.05
 1700 620 0.05
 300 620 0.05
 1900 620 0.05
 100 620 0.05
900 1420 0.05
1300 1420 0.05
700 1420 0.05
1500 1420 0.05
500 1420 0.05
1700 1420 0.05
300 1420 0.05
1900 1420 0.05
100 1420 0.05
 1150 1290 0.05
 1155 1240 0.05 
 1160 1210 0.05 
 1165 1190 0.05
 1170 1185 0.05
 1175 1180 0.05 
 1180 1175 0.05 
 1190 1170 0.05
 1220 1165 0.05
 1250 1160 0.05
 1300 1155 0.05 
