1
765 111930
765 111980
1115 111980
1115 111930
0.8

54
 1050 1880 0.05
 1000 1890 0.05
 950 1900 0.05
 900 1910 0.05
 850 1920 0.05
 800 1930 0.05
 750 1940 0.05
 700 1950 0.05
1100 1870 0.05
1100 1770 0.05
1100 1670 0.05
1100 1570 0.05
1100 1470 0.05
1100 1370 0.05 
1100 1270 0.05
1100 1170 0.05 
  1100 1070 0.05 
  1100 970 0.05
  1100 870 0.05 
  1100 770 0.05
1100 670 0.05
1100 570 0.05 
1100 470 0.05 
1100 370 0.05
1100 270 0.05
 900 670 0.05
 1300 670 0.05
 700 670 0.05 
 1500 670 0.05
 500 670 0.05
 1700 670 0.05
 300 670 0.05
 1900 670 0.05
 100 670 0.05
900 1470 0.05
1300 1470 0.05
700 1470 0.05
1500 1470 0.05
500 1470 0.05
1700 1470 0.05
300 1470 0.05
1900 1470 0.05
100 1470 0.05
 1150 1340 0.05
 1155 1290 0.05 
 1160 1260 0.05 
 1165 1240 0.05
 1170 1235 0.05
 1175 1230 0.05 
 1180 1225 0.05 
 1190 1220 0.05
 1220 1215 0.05
 1250 1200 0.05
 1300 1205 0.05 
