1
1175 1960
1175 1850
825 1850
825 1960
0.80

38
1100 100 0.05
1100 200 0.05
1100 300 0.05
1100 400 0.05
1100 500 0.05
1100 600 0.05 
1100 700 0.05
1100 800 0.05 
1100 900 0.05 
1100 1000 0.05
1100 1100 0.05 
1100 1200 0.05
1100 1300 0.05
1100 1400 0.05 
1100 1500 0.05 
1100 1600 0.05
1100 1700 0.05
700 500 0.05
900 500 0.05
1300 500 0.05 
1500 500 0.05
1700 500 0.05
1900 500 0.05
800 1300 0.05
1400 1300 0.05
1000 1720 0.05
900 1730 0.05
1150 1240 0.05
1155 1190 0.05 
1160 1160 0.05 
1165 1140 0.05
1170 1135 0.05
1175 1130 0.05 
1180 1125 0.05 
1190 1120 0.05
1220 1115 0.05
1250 1110 0.05
1300 1105 0.05 
